01005113
01005117
01005130
01005132
01005133
01005134
01005135
01005136
01005137
01103888
01105115
01105130
01105131
01105132
01105133
01105134
01105135
01105136
01105137
01105138
01205112
01205114
01205117
01205118
01205130
01205134
01205137
01205138
01305115
01305118
01305130
01305131
01305132
01305133
01305136
01305138
01305139
01405116
01405130
01405134
01405135
01405136
01405138
01405139
01505114
01505118
01505130
01505132
01505134
01505136
01505137
01605132
01605133
01605134
01605135
01605136
01605139
01705130
01705131
01705134
01705135
01705136
01705137
01705138
01805132
01805136
01805138
01905114
01905130
01905133
01905134
01905136
01905138
01905139
01905151
03105130
03105132
03105136
03105138
03305132
03305133
03305136
03305138
03305151
03505132
03505136
03505138
03505139
03505151
03705134
03705138
03705151
03905136
11015116
11015119
11015132
11015133
11015138
11015139
11015151
11215116
11215118
11215131
11215134
11215135
11215137
11215138
11215151
11313888
11315110
11315115
11315130
11315134
11315136
11315138
11315139
11415134
11415135
11415137
11415138
11415151
11515115
11515118
11515130
11515131
11515132
11515133
11515134
11515137
11515138
11515139
11615114
11615131
11615134
11615135
11615137
11615138
11615139
11715131
11715132
11715134
11715136
11715151
11815114
11815117
11815130
11815132
11815134
11815135
11815136
11815138
11915111
11915117
11915130
11915132
11915134
11915136
11915137
11915139
13015136
13115130
13115136
13115138
13315132
13315133
13315136
13315138
13315151
13515130
13515132
13515134
13515135
13515136
13515138
13715132
13715136
13715138
13715151
13915134
13915151
21025116
21025131
21025132
21025135
21025136
21025137
21025139
21125113
21125118
21125134
21125135
21125136
21125137
21125139
21225110
21225130
21225132
21225133
21225135
21225136
21225137
21225138
21225139
21325113
21325130
21325132
21325134
21325135
21325136
21325138
21325139
21425112
21425114
21425116
21425135
21425136
21425138
21425139
21425151
21525116
21525130
21525131
21525132
21525136
21525137
21525138
21525139
21625112
21625119
21625130
21625132
21625133
21625134
21625135
21625136
21725112
21725116
21725117
21725130
21725133
21725134
21725136
21725137
21725138
21725139
21725151
21825112
21825130
21825132
21825133
21825134
21825137
21825138
21923889
21925110
21925116
21925117
21925119
21925130
21925132
21925136
21925139
21925151
23125136
23125138
23325132
23325134
23325136
23325138
23325151
23525130
23525133
23525136
23525138
23525139
23525151
23725136
23725138
23725151
23925132
23925134
23925136
31035112
31035118
31035130
31035132
31035134
31035135
31035136
31035138
31035139
31135114
31135119
31135130
31135133
31135134
31135135
31135138
31233888
31235113
31235118
31235130
31235132
31235133
31235134
31235136
31235151
31335116
31335131
31335132
31335134
31335135
31335137
31335139
31335151
31435117
31435118
31435133
31435134
31435136
31435138
31435139
31535119
31535130
31535131
31535132
31535134
31535135
31535138
31535139
31635110
31635114
31635115
31635116
31635132
31635134
31635137
31635138
31735112
31735116
31735132
31735134
31735136
31735138
31735151
31835130
31835132
31835133
31835134
31935132
31935137
31935138
31935139
33035134
33135132
33135133
33135134
33135138
33135151
33335136
33335138
33335151
33535136
33535151
33735136
33735151
33935134
33935151
41045114
41045118
41045131
41045133
41045135
41045136
41045137
41045138
41045139
41145130
41145132
41145134
41145135
41145136
41145138
41145139
41145151
41245130
41245132
41245133
41245134
41245136
41245137
41245138
41245139
41345110
41345118
41345130
41345131
41345132
41345135
41345136
41345139
41345151
41445112
41445116
41445132
41445133
41445134
41445136
41545110
41545114
41545116
41545130
41545132
41545134
41545136
41545139
41545151
41645132
41645133
41645136
41645138
41645139
41745114
41745119
41745134
41745135
41745136
41745137
41745138
41845112
41845114
41845130
41845132
41845136
41845151
41945116
41945131
41945132
41945136
41945137
41945139
43145136
43145137
43145151
43345136
43345138
43345151
43545134
43545136
43745134
43745136
43745151
43945132
43945136
51055110
51055116
51055131
51055132
51055133
51055135
51055136
51055137
51055138
51155110
51155118
51155119
51155130
51155131
51155134
51155136
51155138
51255118
51255131
51255132
51255133
51255134
51255137
51255138
51255139
51355112
51355115
51355131
51355134
51355135
51355136
51355139
51455110
51455112
51455118
51455130
51455131
51455132
51455134
51455136
51455137
51455139
51455151
51555114
51555130
51555131
51555134
51555135
51555136
51555137
51555138
51555139
51555151
51655112
51655117
51655130
51655133
51655134
51655135
51655136
51655138
51655151
51753888
51755112
51755115
51755116
51755131
51755132
51755134
51755135
51755136
51755138
51855112
51855130
51855132
51855134
51855136
51855137
51855151
51955114
51955134
51955136
51955137
51955138
51955139
51955151
53155130
53155136
53155151
53355130
53355134
53355136
53355138
53355151
53555132
53555136
53555138
53555151
53755136
53755151
53955136
61065110
61065116
61065117
61065130
61065131
61065135
61065136
61065137
61065138
61065151
61165110
61165119
61165130
61165132
61165133
61165134
61165137
61165139
61265112
61265116
61265118
61265137
61265138
61265139
61265151
61365112
61365118
61365132
61365133
61365134
61365135
61365136
61365138
61365139
61465112
61465131
61465133
61465135
61465137
61465138
61465151
61565114
61565117
61565135
61565136
61565139
61565151
61665114
61665130
61665133
61665134
61665136
61665138
61665139
61665151
61765116
61765134
61765135
61765139
61865132
61865138
61865151
61963888
61965130
61965131
61965132
61965134
61965136
61965138
61965139
61965151
63165130
63165132
63165134
63165135
63165136
63165138
63365134
63365136
63365138
63365151
63565136
63565151
63765136
63765151
63965134
63965136
71073888
71075130
71075132
71075133
71075134
71075136
71075137
71075138
71075139
71075151
71173882
71175110
71175114
71175116
71175130
71175132
71175134
71175138
71275117
71275118
71275132
71275134
71275136
71275137
71275151
71375112
71375114
71375118
71375130
71375132
71375133
71375134
71375136
71375138
71475112
71475113
71475115
71475131
71475132
71475133
71475134
71475136
71475138
71475139
71575131
71575132
71575134
71575135
71575136
71575137
71675131
71675132
71675134
71675135
71675139
71775134
71775135
71775136
71775137
71775138
71775139
71875130
71875133
71875134
71875136
71875138
71875151
71975115
71975117
71975132
71975134
71975135
71975136
71975137
71975138
73175134
73175136
73175138
73175151
73375132
73375134
73375136
73375138
73375151
73575132
73575136
73575138
73575151
73775136
73775138
73775151
73975134
73975136
81085115
81085116
81085117
81085131
81085132
81085136
81085138
81085139
81183888
81185112
81185116
81185119
81185130
81185131
81185133
81185134
81185135
81185136
81185138
81185139
81285118
81285130
81285131
81285132
81285134
81285135
81285136
81285137
81285138
81285139
81285151
81385110
81385118
81385130
81385131
81385132
81385133
81385134
81385138
81385139
81385151
81485112
81485116
81485130
81485139
81485151
81585112
81585131
81585132
81585134
81585136
81585137
81585138
81585151
81685118
81685132
81685133
81685134
81685135
81685138
81685139
81785116
81785118
81785130
81785131
81785132
81785133
81785134
81785136
81785137
81785138
81785139
81785151
81885114
81885130
81885132
81885136
81885138
81983889
81985118
81985130
81985131
81985132
81985133
81985134
81985135
81985136
81985137
81985138
83085132
83185132
83185134
83185138
83185151
83385136
83385138
83385139
83385151
83585136
83585138
83785132
83785133
83785136
83785151
83985132
83985134
83985136
91095115
91095132
91095134
91095135
91095136
91095139
91193886
91195110
91195112
91195116
91195119
91195130
91195132
91195133
91195134
91195137
91195138
91195139
91195151
91295114
91295133
91295134
91295135
91295139
91395110
91395130
91395132
91395134
91395135
91395138
91395139
91495130
91495134
91495136
91495137
91495138
91495139
91595114
91595130
91595132
91595133
91595135
91595136
91595137
91595139
91595151
91695132
91695133
91695134
91695135
91695139
91795114
91795115
91795130
91795131
91795132
91795134
91795135
91795137
91795139
91895130
91895132
91895133
91895136
91995112
91995118
91995130
91995131
91995134
91995136
91995137
91995138
91995139
91995151
93195131
93195132
93195134
93195136
93195137
93395134
93395136
93395138
93395151
93595136
93595138
93595151
93795134
93795136
93795138
93795151
93995136